4294967278,207
4294967279,209
4294967294,388
4294967294,349
4294967294,182
4294967294,387
4294967294,348
4294967294,335
4294967294,347
4294967294,345
4294967278,206
4294967279,208
4294967293,131
4294967293,130
4294967293,129
4294967293,128
4294967293,127
4294967293,126
4294967293,125
4294967293,124
4294967293,123
4294967293,122
4294967293,121
4294967293,120
4294967293,119
4294967293,118
4294967293,117
4294967293,116
4294967293,115
4294967293,114
4294967293,113
4294967293,112
4294967293,111
4294967293,110
4294967293,109
4294967293,108
4294967293,107
4294967293,106
4294967293,105
4294967293,104
4294967293,103
4294967293,102
4294967293,101
4294967293,100
4294967293,99
4294967293,98
4294967293,97
4294967293,96
4294967293,95
4294967293,94
4294967293,93
4294967293,92
4294967293,91
4294967293,90
4294967293,89
4294967293,88
4294967293,87
4294967293,86
4294967293,85
4294967293,84
4294967293,83
4294967293,82
4294967293,81
4294967293,80
4294967293,79
4294967293,78
4294967293,77
4294967293,76
4294967293,75
4294967293,74
4294967293,73
4294967293,72
4294967293,71
4294967293,70
4294967293,69
4294967293,68
4294967293,67
4294967293,66
4294967293,65
4294967293,64
4294967293,63
4294967293,62
4294967293,61
4294967293,60
4294967293,59
4294967293,58
4294967293,57
4294967293,56
4294967293,55
4294967293,54
4294967293,53
4294967293,52
4294967293,51
4294967293,50
4294967293,49
4294967293,48
4294967293,47
4294967293,46
4294967293,45
4294967293,44
4294967293,43
4294967293,42
4294967293,41
4294967293,40
4294967293,39
4294967293,38
4294967293,37
4294967293,36
4294967293,35
4294967293,34
4294967293,33
4294967293,32
4294967293,31
4294967293,30
4294967293,29
4294967293,28
4294967293,27
4294967293,26
4294967293,25
4294967293,24
4294967293,23
4294967293,22
4294967293,21
4294967293,20
4294967293,19
4294967293,18
4294967293,17
4294967293,16
4294967293,15
4294967293,14
4294967293,13
4294967293,12
4294967293,11
4294967293,10
4294967293,9
4294967293,8
4294967293,7
4294967293,6
4294967293,5
4294967293,4
4294967293,3
4294967293,2
4294566162,0
4294566161,0
4294566160,0
4294566159,0
4294566158,0
4294566157,0
4294566156,0
4294566155,0
4294566154,0
4294566153,0
4294967293,0
4294967294,245
4294967294,244
4294967294,243
4294967294,242
4294967294,241
4294967294,240
4294967294,239
4294967294,238
4294967294,237
4294967294,236
4294967294,235
4294967294,234
4294967294,233
4294967294,232
4294967294,231
4294967294,230
4294967294,229
4294967294,228
4294967294,227
4294967294,226
4294967294,225
4294967294,224
4294967294,287
4294967294,286
4294967294,285
4294967294,284
4294967294,283
4294967294,282
4294967294,281
4294967294,280
4294967294,279
4294967294,278
4294967294,277
4294967294,276
4294967294,275
4294967294,274
4294967294,273
4294967294,272
4294967294,271
4294967294,270
4294967294,269
4294967294,268
4294967294,267
4294967294,266
4294967294,265
4294967294,264
4294967294,263
4294967294,262
4294967294,261
4294967294,260
4294967294,259
4294967294,258
4294967294,257
4294967294,256
4294967294,159
4294967294,158
4294967294,157
4294967294,156
4294967294,155
4294967294,154
4294967294,153
4294967294,152
4294967294,151
4294967294,150
4294967294,149
4294967294,148
4294967294,147
4294967294,146
4294967294,145
4294967294,144
4294967294,143
4294967294,142
4294967294,141
4294967294,140
4294967294,139
4294967294,138
